15
15
0,0,1,1,1,0,0,0,0,1,1,0,0,0,0
0,1,0,0,1,0,0,0,1,0,0,1,0,0,0
1,0,0,1,1,0,0,1,0,0,0,1,1,0,0
1,0,1,1,0,0,0,1,0,0,1,0,1,1,1
1,0,1,0,0,0,0,0,1,1,0,0,0,0,1
1,1,0,1,1,1,0,0,0,1,0,0,0,1,1
0,1,1,1,1,1,1,1,1,1,0,1,1,1,0
0,1,1,0,0,0,0,0,0,1,1,1,0,0,0
0,1,0,0,0,0,0,0,0,0,1,1,0,0,0
0,1,0,0,1,0,0,1,0,0,0,1,0,0,0
0,1,0,0,1,1,1,1,0,0,0,1,0,0,0
1,0,0,1,1,0,0,1,1,0,0,1,1,0,0
1,0,1,0,0,1,0,1,0,1,0,1,0,1,1
1,1,0,1,0,1,0,0,1,1,0,0,1,0,1
0,1,1,1,0,1,1,1,1,0,1,1,1,0,1
Row Numbers
3,2
1,1,1,1
1,2,1,2
1,2,1,1,3
1,1,2,1
2,3,1,2
9,3
2,3
1,2
1,1,1,1
1,4,1
1,2,2,2
1,1,1,1,1,1,2
2,1,1,2,1,1
3,4,3,1
Column Numbers
4,3
1,6,2
1,2,2,1,1
1,2,2,1,2
3,2,3
2,1,3
1,1,1
2,1,4,1
1,1,1,1,2
1,4,2
1,1,2,1
2,7,1
2,1,1,2
1,2,1
3,3